-10 5 -8 5 6 5 8 5 0 0 0 0 
-9.73718 4.28297 -7.75856 4.09815 4.55787 3.57761 8.02604 3.33815 1.53006 -0.458326 0.111257 -0.12862 
-9.47944 2.48486 -7.30211 3.94189 3.03943 2.30054 7.76565 6.06557 0.723095 1.42567 0.569052 -0.951882 
-7.85718 1.75916 -6.17664 3.30853 2.67961 2.0655 6.16923 5.85808 0.507557 2.02325 0.452178 -0.619173 
-6.34224 0.883274 -4.93201 3.19875 1.93496 1.68608 6.46222 5.50058 0.769521 2.22956 0.596088 -0.135542 
-4.08452 3.04242 -2.91266 2.153 1.84746 2.94014 4.99039 6.74623 0.731768 3.09812 0.951618 0.43553 
-3.07382 2.42732 -1.98644 1.425 1.85263 3.01103 2.71883 5.08044 1.06021 1.89384 -1.26138 1.8241 
-3.95854 1.81592 -0.947278 -0.066069 3.82728 4.38419 1.84746 2.94014 2.02742 2.68541 -0.639172 0.951618 
-1.98644 1.425 0.411843 0.192054 4.71579 4.30492 1.85263 3.01103 1.89384 -1.8784 -2.50349 -1.26138 
-0.947278 -0.066069 1.72988 -0.714311 3.89867 6.06748 2.4431 4.02782 2.68541 -2.18359 -2.05544 -2.92879 
0.411843 0.192054 4.68686 -0.535634 4.22727 5.89274 4.71579 4.30492 -1.8784 2.7923 -2.77856 -2.50349 
2.83226 -0.29706 2.83485 -3.20597 3.25153 6.81816 6.1981 2.68139 -1.26563 -1.55019 -1.44529 -1.92082 
3.76017 -1.35303 1.8663 -7.96106 2.57909 6.69951 5.41056 0.680185 -2.74365 1.52127 0.0619241 -1.75922 
4.87396 -1.95028 1.7977 -8.99805 1.65277 6.89952 2.47031 0.195601 2.11321 0.35724 1.56575 -1.05312 
4.70105 0.754648 3.87326 -7.22552 2.54275 3.97547 0.411843 0.192054 1.66087 0.425269 1.16529 -1.8784 
6.84694 2.96833 5.07297 -5.9496 2.4431 4.02782 -0.947278 -0.066069 1.66138 0.561809 -2.92879 2.68541 
8.19411 0.107427 4.99118 -3.42649 1.85263 3.01103 -2.91266 2.153 2.41965 0.452554 -1.26138 3.09812 
5.81872 0.772558 5.10548 -2.63396 1.84746 2.94014 -5.07004 2.45243 0.858437 2.16259 0.951618 2.92634 
6.85226 -2.28282 6.14014 -1.013 1.93496 1.68608 -5.1534 -0.0394272 0.79848 2.43272 0.596088 2.92429 
8.43942 -2.47148 5.4346 -0.656339 1.52218 -0.588354 -4.9177 -2.20072 0.620435 -2.44325 0.927515 2.74481 
7.94587 -3.35697 6.81855 -1.08592 1.71777 -1.24485 -7.79762 0.130141 0.684066 -2.49291 -0.653007 -2.36789 
6.4567 -5.33016 4.75256 0.143939 1.52218 -0.588354 -5.37608 4.07497 0.470718 -2.63596 0.927515 -2.33196 
6.26105 -6.45395 1.72988 -0.714311 3.30715 1.22685 -8.87784 7.67429 0.960222 -2.18359 1.36091 -0.95918 
8.03757 -7.56365 1.52218 -0.588354 4.54857 -0.113479 -5.49699 8.5843 0.888344 0.927515 0.85773 -0.301882 
6.26105 -6.45395 2.83485 -3.20597 2.57623 -0.564899 -5.48148 5.25878 0.960222 -1.55019 1.72243 -0.386314 
8.03757 -7.56365 1.74487 -2.16658 2.21815 -0.0523889 -5.37608 4.07497 0.888344 -2.98927 -2.30202 -2.33196 
8.96446 -6.19373 1.72988 -0.714311 0.411843 0.192054 -7.61567 4.55265 0.512673 -2.18359 -1.8784 2.20507 
7.06618 -5.79009 1.71777 -1.24485 -0.947278 -0.066069 -9.46375 2.0322 1.26136 -0.653007 2.68541 2.21839 
7.95557 -7.98551 2.47031 0.195601 -1.75919 -0.503072 -5.45224 2.90876 -0.0747071 -1.05312 2.27463 2.40765 
9.33783 -5.35882 1.52218 -0.588354 -2.29104 -0.741312 -5.61411 0.680683 0.20548 0.927515 -1.49903 -1.41469 
5.79964 -2.66089 1.93496 1.68608 -5.61411 0.680683 -2.68681 3.63842 1.86008 0.596088 -1.41469 -2.39571 
7.54129 -0.610859 2.67961 2.0655 -6.92979 2.86473 -3.42869 5.98407 1.72691 0.452178 -0.914443 0.119121 
8 5 3.30715 1.22685 -7.94884 3.58797 -4.54696 5.84947 0 1.36091 0.913195 -1.98095 
8.02604 3.33815 1.52218 -0.588354 -7.52351 5.8017 -5.16351 5.87236 -0.12862 0.927515 1.12972 0.55543 
8 5 2.25638 -1.26069 -10 5 -7.01873 5.14969 0 0.658713 0 0.475201 

