-10 5 -8 5 6 5 8 5 0 0 0 0 
-8 5 -3.81716 3.77218 8.34102 4.98609 6 5 0 -1.51068 2.83605 0 
-7.5509 4.43266 -0.0912592 2.60237 8.01932 1.9587 6.33853 7.3868 2.60794 -0.667243 1.606 -2.28765 
1.00185 -3.74864 -3.81716 3.77218 7.52644 -1.88905 6 5 1.92987 -1.51068 0.945707 0 
2.12871 -5.66801 -6.68028 -0.79747 7.30506 -6.36847 6.33853 7.3868 -0.446809 1.90812 0.683574 -2.28765 
3.26113 -4.20671 -2.24888 1.20932 6.11889 -9.33876 4.30149 7.30942 0.270643 -0.474065 2.18833 -2.32499 
3.72478 -3.51887 2.47985 -5.89939 7.30506 -6.36847 -2.7918 8.41539 -0.499383 2.5438 0.683574 2.09786 
2.54389 -8.68044 3.26113 -4.20671 6.11889 -9.33876 -0.949049 6.78807 -1.71635 0.270643 2.18833 2.42099 
-2.24888 1.20932 3.72478 -3.51887 2.54389 -8.68044 4.30149 7.30942 -0.474065 -0.499383 -1.71635 -2.32499 
-0.0912592 2.60237 2.72664 -1.70421 1.84108 -8.46841 8 5 -0.667243 -2.33909 1.53627 0 
3.72478 -3.51887 2.54389 -8.68044 2.47985 -5.89939 7.63055 -2.42776 -0.499383 -1.71635 2.5438 0.376452 
2.54389 -8.68044 1.00185 -3.74864 -5.62903 -4.98625 7.30506 -6.36847 -1.71635 1.92987 -1.28525 0.683574 
-2.24209 -8.78315 1.34675 1.81684 2.54389 -8.68044 6.11889 -9.33876 -0.501077 1.86394 -1.71635 2.18833 
2.12871 -5.66801 3.53642 3.26918 3.72478 -3.51887 2.54389 -8.68044 -0.446809 -2.72409 -0.499383 -1.71635 
2.47985 -5.89939 -0.659023 -1.4198 2.72664 -1.70421 -5.82198 -9.303 2.5438 -2.33947 -2.33909 0.471558 
6.11889 -9.33876 -2.38861 0.338777 -0.0912592 2.60237 -7.8696 -6.3515 2.18833 0.620705 -0.667243 1.00061 
7.30506 -6.36847 -3.81716 3.77218 -9.67442 -2.51596 -6.40145 -6.05611 0.683574 -1.51068 0.129762 -0.934404 
7.52644 -1.88905 -5.23953 1.43598 -9.49866 -3.43246 -4.83941 -5.28021 0.945707 0.597913 0.593754 1.7223 
7.63055 -2.42776 -3.89362 -7.24511 -8.45729 1.19633 -6.68028 -0.79747 0.376452 2.83976 2.8089 1.90812 
8.01932 1.9587 -6.30725 -7.0968 -2.38861 0.338777 -7.5509 4.43266 1.606 -1.03734 0.620705 2.60794 
7.52644 -1.88905 -5.82198 -9.303 -2.24888 1.20932 -8 5 0.945707 0.471558 -0.474065 0 
7.63055 -2.42776 1.00185 -3.74864 -9.67442 -2.51596 -10 5 0.376452 1.92987 0.129762 0 
8.35623 -0.661518 3.72478 -3.51887 -6.86786 -2.88063 -8 5 0.882475 -0.499383 1.72234 0 
7.52644 -1.88905 2.54389 -8.68044 -7.23014 -1.77592 -10 5 0.945707 -1.71635 -1.85241 0 
8 5 3.26113 -4.20671 -5.23953 1.43598 -8 5 0 0.270643 0.597913 0 

